 Default is to use a total of   4 processors:
                                4 via shared-memory
                                1 via Linda
 Entering Link 1 = d:\study\G09W\l1.exe PID=      7028.
  
 Copyright (c) 1988,1990,1992,1993,1995,1998,2003,2009,2013,
            Gaussian, Inc.  All Rights Reserved.
  
 This is part of the Gaussian(R) 09 program.  It is based on
 the Gaussian(R) 03 system (copyright 2003, Gaussian, Inc.),
 the Gaussian(R) 98 system (copyright 1998, Gaussian, Inc.),
 the Gaussian(R) 94 system (copyright 1995, Gaussian, Inc.),
 the Gaussian 92(TM) system (copyright 1992, Gaussian, Inc.),
 the Gaussian 90(TM) system (copyright 1990, Gaussian, Inc.),
 the Gaussian 88(TM) system (copyright 1988, Gaussian, Inc.),
 the Gaussian 86(TM) system (copyright 1986, Carnegie Mellon
 University), and the Gaussian 82(TM) system (copyright 1983,
 Carnegie Mellon University). Gaussian is a federally registered
 trademark of Gaussian, Inc.
  
 This software contains proprietary and confidential information,
 including trade secrets, belonging to Gaussian, Inc.
  
 This software is provided under written license and may be
 used, copied, transmitted, or stored only in accord with that
 written license.
  
 The following legend is applicable only to US Government
 contracts under FAR:
  
                    RESTRICTED RIGHTS LEGEND
  
 Use, reproduction and disclosure by the US Government is
 subject to restrictions as set forth in subparagraphs (a)
 and (c) of the Commercial Computer Software - Restricted
 Rights clause in FAR 52.227-19.
  
 Gaussian, Inc.
 340 Quinnipiac St., Bldg. 40, Wallingford CT 06492
  
  
 ---------------------------------------------------------------
 Warning -- This program may not be used in any manner that
 competes with the business of Gaussian, Inc. or will provide
 assistance to any competitor of Gaussian, Inc.  The licensee
 of this program is prohibited from giving any competitor of
 Gaussian, Inc. access to this program.  By using this program,
 the user acknowledges that Gaussian, Inc. is engaged in the
 business of creating and licensing software in the field of
 computational chemistry and represents and warrants to the
 licensee that it is not a competitor of Gaussian, Inc. and that
 it will not use this program in any manner prohibited above.
 ---------------------------------------------------------------
  

 Cite this work as:
 Gaussian 09, Revision D.01,
 M. J. Frisch, G. W. Trucks, H. B. Schlegel, G. E. Scuseria, 
 M. A. Robb, J. R. Cheeseman, G. Scalmani, V. Barone, B. Mennucci, 
 G. A. Petersson, H. Nakatsuji, M. Caricato, X. Li, H. P. Hratchian, 
 A. F. Izmaylov, J. Bloino, G. Zheng, J. L. Sonnenberg, M. Hada, 
 M. Ehara, K. Toyota, R. Fukuda, J. Hasegawa, M. Ishida, T. Nakajima, 
 Y. Honda, O. Kitao, H. Nakai, T. Vreven, J. A. Montgomery, Jr., 
 J. E. Peralta, F. Ogliaro, M. Bearpark, J. J. Heyd, E. Brothers, 
 K. N. Kudin, V. N. Staroverov, T. Keith, R. Kobayashi, J. Normand, 
 K. Raghavachari, A. Rendell, J. C. Burant, S. S. Iyengar, J. Tomasi, 
 M. Cossi, N. Rega, J. M. Millam, M. Klene, J. E. Knox, J. B. Cross, 
 V. Bakken, C. Adamo, J. Jaramillo, R. Gomperts, R. E. Stratmann, 
 O. Yazyev, A. J. Austin, R. Cammi, C. Pomelli, J. W. Ochterski, 
 R. L. Martin, K. Morokuma, V. G. Zakrzewski, G. A. Voth, 
 P. Salvador, J. J. Dannenberg, S. Dapprich, A. D. Daniels, 
 O. Farkas, J. B. Foresman, J. V. Ortiz, J. Cioslowski, 
 and D. J. Fox, Gaussian, Inc., Wallingford CT, 2013.
 
 ******************************************
 Gaussian 09:  IA32W-G09RevD.01 24-Apr-2013
                24-Jun-2017 
 ******************************************
 ---------------------------------------
 # b3lyp/6-31g(d) cphf=rdfreq freq=raman
 ---------------------------------------
 1/10=4,30=1,38=1,83=1/1,3;
 2/12=2,17=6,18=5,40=1/2;
 3/5=1,6=6,7=1,11=2,16=1,25=1,30=1,71=2,74=-5,140=1/1,2,3;
 4//1;
 5/5=2,38=5,98=1/2;
 8/6=4,10=90,11=11/1;
 10/13=10,15=4,49=1,72=3/2;
 11/6=3,8=1,9=11,15=111,16=1/1,2,10;
 10/6=1,49=1/2;
 6/7=2,8=2,9=2,10=2,18=1,28=1/1;
 7/8=1,10=1,25=1/1,2,3,16;
 1/10=4,30=1/3;
 99//99;
 --------------------
 b3lyp/6-31g(d) opted
 --------------------
 Symbolic Z-matrix:
 Charge =  0 Multiplicity = 1
 C                     0.15209  -0.03782   0.48962 
 C                    -1.04502   0.61516  -0.06017 
 O                    -0.82673  -0.78926  -0.2432 
 H                     0.1552   -0.25632   1.56041 
 H                    -0.9577    1.22245  -0.96233 
 H                    -1.87555   0.8793    0.59576 
 C                     1.5111    0.10062  -0.14865 
 H                     2.08961   0.89551   0.33755 
 H                     2.07801  -0.83315  -0.05772 
 H                     1.41527   0.33847  -1.21291 
 
 Using perturbation frequencies:    0.000000    0.303756    0.325453

 GradGradGradGradGradGradGradGradGradGradGradGradGradGradGradGradGradGrad
 Berny optimization.
 Initialization pass.
 Trust Radius=3.00D-01 FncErr=1.00D-07 GrdErr=1.00D-07
 Number of steps in this run=      2 maximum allowed number of steps=      2.
 GradGradGradGradGradGradGradGradGradGradGradGradGradGradGradGradGradGrad

                          Input orientation:                          
 ---------------------------------------------------------------------
 Center     Atomic      Atomic             Coordinates (Angstroms)
 Number     Number       Type             X           Y           Z
 ---------------------------------------------------------------------
      1          6           0        0.152086   -0.037817    0.489624
      2          6           0       -1.045018    0.615161   -0.060166
      3          8           0       -0.826733   -0.789257   -0.243202
      4          1           0        0.155196   -0.256318    1.560414
      5          1           0       -0.957703    1.222452   -0.962333
      6          1           0       -1.875545    0.879302    0.595764
      7          6           0        1.511103    0.100621   -0.148651
      8          1           0        2.089613    0.895510    0.337545
      9          1           0        2.078013   -0.833150   -0.057721
     10          1           0        1.415270    0.338468   -1.212906
 ---------------------------------------------------------------------
                    Distance matrix (angstroms):
                    1          2          3          4          5
     1  C    0.000000
     2  C    1.470275   0.000000
     3  O    1.435194   1.433018   0.000000
     4  H    1.092860   2.196877   2.121612   0.000000
     5  H    2.219930   1.091023   2.140391   3.128827   0.000000
     6  H    2.227927   1.090775   2.141952   2.518748   1.840612
     7  C    1.507809   2.608895   2.503258   2.210609   2.831181
     8  H    2.155977   3.172173   3.417716   2.562047   3.329070
     9  H    2.154376   3.442518   2.910993   2.578434   3.776161
    10  H    2.153098   2.731004   2.690477   3.103685   2.544644
                    6          7          8          9         10
     6  H    0.000000
     7  C    3.553855   0.000000
     8  H    3.973590   1.096772   0.000000
     9  H    4.357770   1.096168   1.773312   0.000000
    10  H    3.793844   1.094712   1.780150   1.773801   0.000000
 Stoichiometry    C3H6O
 Framework group  C1[X(C3H6O)]
 Deg. of freedom    24
 Full point group                 C1      NOp   1
 Largest Abelian subgroup         C1      NOp   1
 Largest concise Abelian subgroup C1      NOp   1
                         Standard orientation:                         
 ---------------------------------------------------------------------
 Center     Atomic      Atomic             Coordinates (Angstroms)
 Number     Number       Type             X           Y           Z
 ---------------------------------------------------------------------
      1          6           0        0.152086   -0.037817    0.489624
      2          6           0       -1.045018    0.615161   -0.060166
      3          8           0       -0.826733   -0.789257   -0.243202
      4          1           0        0.155196   -0.256318    1.560414
      5          1           0       -0.957703    1.222452   -0.962333
      6          1           0       -1.875545    0.879302    0.595764
      7          6           0        1.511103    0.100621   -0.148651
      8          1           0        2.089613    0.895510    0.337545
      9          1           0        2.078013   -0.833150   -0.057721
     10          1           0        1.415270    0.338468   -1.212906
 ---------------------------------------------------------------------
 Rotational constants (GHZ):     18.1167714      6.6247737      5.9099975
 Standard basis: 6-31G(d) (6D, 7F)
 There are    72 symmetry adapted cartesian basis functions of A   symmetry.
 There are    72 symmetry adapted basis functions of A   symmetry.
    72 basis functions,   136 primitive gaussians,    72 cartesian basis functions
    16 alpha electrons       16 beta electrons
       nuclear repulsion energy       124.4011109126 Hartrees.
 NAtoms=   10 NActive=   10 NUniq=   10 SFac= 1.00D+00 NAtFMM=   60 NAOKFM=F Big=F
 Integral buffers will be    262144 words long.
 Raffenetti 2 integral format.
 Two-electron integral symmetry is turned on.
 One-electron integrals computed using PRISM.
 NBasis=    72 RedAO= T EigKep=  3.93D-03  NBF=    72
 NBsUse=    72 1.00D-06 EigRej= -1.00D+00 NBFU=    72
 ExpMin= 1.61D-01 ExpMax= 5.48D+03 ExpMxC= 8.25D+02 IAcc=1 IRadAn=         1 AccDes= 0.00D+00
 Harris functional with IExCor=  402 and IRadAn=       1 diagonalized for initial guess.
 HarFok:  IExCor=  402 AccDes= 0.00D+00 IRadAn=         1 IDoV= 1 UseB2=F ITyADJ=14
 ICtDFT=  3500011 ScaDFX=  1.000000  1.000000  1.000000  1.000000
 FoFCou: FMM=F IPFlag=           0 FMFlag=      100000 FMFlg1=           0
         NFxFlg=           0 DoJE=T BraDBF=F KetDBF=T FulRan=T
         wScrn=  0.000000 ICntrl=     500 IOpCl=  0 I1Cent=   200000004 NGrid=           0
         NMat0=    1 NMatS0=      1 NMatT0=    0 NMatD0=    1 NMtDS0=    0 NMtDT0=    0
 Petite list used in FoFCou.
 Keep R1 ints in memory in canonical form, NReq=4379008.
 Requested convergence on RMS density matrix=1.00D-08 within 128 cycles.
 Requested convergence on MAX density matrix=1.00D-06.
 Requested convergence on             energy=1.00D-06.
 No special actions if energy rises.
 Integral accuracy reduced to 1.0D-05 until final iterations.
 Initial convergence to 1.0D-05 achieved.  Increase integral accuracy.
 SCF Done:  E(RB3LYP) =  -193.108518110     A.U. after   13 cycles
            NFock= 13  Conv=0.42D-08     -V/T= 2.0093
 DoSCS=F DFT=T ScalE2(SS,OS)=  1.000000  1.000000
 Range of M.O.s used for correlation:     1    72
 NBasis=    72 NAE=    16 NBE=    16 NFC=     0 NFV=     0
 NROrb=     72 NOA=    16 NOB=    16 NVA=    56 NVB=    56
          Differentiating once with respect to electric field.
                with respect to dipole field.
          Electric field/nuclear overlap derivatives assumed to be zero.
 Keep R1 and R3 ints in memory in canonical form, NReq=7799172.
          There are     9 degrees of freedom in the 1st order CPHF.  IDoFFX=0 NUNeed=     9.
 LinEq1:  Iter=  0 NonCon=     9 RMS=4.10D-01 Max=1.26D+01 NDo=     9
 AX will form     9 AO Fock derivatives at one time.
 LinEq1:  Iter=  1 NonCon=     9 RMS=2.63D-01 Max=4.66D+00 NDo=     9
 LinEq1:  Iter=  2 NonCon=     9 RMS=3.31D-01 Max=8.15D+00 NDo=     9
 LinEq1:  Iter=  3 NonCon=     9 RMS=2.59D-01 Max=5.19D+00 NDo=     9
 LinEq1:  Iter=  4 NonCon=     9 RMS=3.22D-01 Max=7.98D+00 NDo=     9
 LinEq1:  Iter=  5 NonCon=     9 RMS=1.97D-01 Max=5.42D+00 NDo=     9
 LinEq1:  Iter=  6 NonCon=     9 RMS=1.91D-01 Max=4.61D+00 NDo=     9
 LinEq1:  Iter=  7 NonCon=     9 RMS=1.34D-01 Max=2.27D+00 NDo=     9
 LinEq1:  Iter=  8 NonCon=     9 RMS=5.75D-02 Max=8.16D-01 NDo=     9
 LinEq1:  Iter=  9 NonCon=     9 RMS=2.49D-02 Max=5.51D-01 NDo=     9
 LinEq1:  Iter= 10 NonCon=     9 RMS=1.25D-02 Max=2.25D-01 NDo=     9
 LinEq1:  Iter= 11 NonCon=     9 RMS=9.32D-03 Max=1.28D-01 NDo=     9
 LinEq1:  Iter= 12 NonCon=     9 RMS=4.34D-03 Max=6.34D-02 NDo=     9
 LinEq1:  Iter= 13 NonCon=     9 RMS=1.65D-03 Max=2.38D-02 NDo=     9
 LinEq1:  Iter= 14 NonCon=     6 RMS=5.57D-04 Max=6.29D-03 NDo=     9
 LinEq1:  Iter= 15 NonCon=     6 RMS=1.74D-04 Max=2.37D-03 NDo=     6
 LinEq1:  Iter= 16 NonCon=     6 RMS=5.97D-05 Max=9.27D-04 NDo=     6
 LinEq1:  Iter= 17 NonCon=     6 RMS=1.46D-05 Max=1.99D-04 NDo=     6
 LinEq1:  Iter= 18 NonCon=     6 RMS=3.69D-06 Max=4.81D-05 NDo=     6
 LinEq1:  Iter= 19 NonCon=     6 RMS=1.52D-06 Max=2.71D-05 NDo=     6
 LinEq1:  Iter= 20 NonCon=     6 RMS=3.99D-07 Max=5.30D-06 NDo=     6
 LinEq1:  Iter= 21 NonCon=     3 RMS=1.20D-07 Max=1.97D-06 NDo=     6
 LinEq1:  Iter= 22 NonCon=     3 RMS=3.55D-08 Max=5.25D-07 NDo=     3
 LinEq1:  Iter= 23 NonCon=     1 RMS=9.55D-09 Max=1.07D-07 NDo=     3
 LinEq1:  Iter= 24 NonCon=     0 RMS=2.91D-09 Max=6.82D-08 NDo=     1
 Linear equations converged to 1.000D-08 1.000D-07 after    24 iterations.
 Isotropic polarizability for W=    0.000000       33.50 Bohr**3.
 Isotropic polarizability for W=    0.303756       52.01 Bohr**3.
 Isotropic polarizability for W=    0.325453       71.61 Bohr**3.
 End of Minotr F.D. properties on file   721 Mask=      11 NFrqRd=     3 NDeriv=     1 ND12= 1 LenFil=      86:
 Frequencies=    0.000000    0.303756    0.325453
 Property number 1 -- Alpha(-w,w) frequency  1    0.000000:
                 1             2             3 
      1   0.391576D+02 -0.360215D+01  0.873499D+00
      2  -0.360215D+01  0.300028D+02 -0.182811D+01
      3   0.873499D+00 -0.182811D+01  0.313356D+02
 Property number 1 -- Alpha(-w,w) frequency  2    0.303756:
                 1             2             3 
      1   0.640858D+02 -0.863568D+01  0.940420D+00
      2  -0.863568D+01  0.426562D+02 -0.358824D+01
      3   0.940420D+00 -0.358824D+01  0.492765D+02
 Property number 1 -- Alpha(-w,w) frequency  3    0.325453:
                 1             2             3 
      1   0.773482D+02 -0.964728D+01 -0.115767D+02
      2  -0.964728D+01  0.473294D+02 -0.618552D+01
      3  -0.115767D+02 -0.618552D+01  0.901529D+02
 Property number 5 -- Beta(-w,w,0) frequency  1    0.000000:
                 1 
      1   0.144382D+02
      2   0.256419D+02
      3   0.126914D+02
      4   0.310425D+02
      5   0.198082D+01
      6   0.251638D+00
      7   0.256419D+02
      8   0.126914D+02
      9   0.220941D+02
     10   0.198082D+01
     11  -0.251144D+01
     12   0.252658D+02
     13   0.310425D+02
     14   0.198082D+01
     15  -0.251144D+01
     16   0.251638D+00
     17   0.252658D+02
     18   0.132368D+02
 Property number 5 -- Beta(-w,w,0) frequency  2    0.303756:
                 1 
      1   0.157135D+03
      2   0.988091D+02
      3   0.438207D+02
      4   0.182248D+03
      5   0.120043D+02
      6  -0.199700D+02
      7   0.210450D+03
      8   0.296851D+02
      9   0.803733D+02
     10  -0.238409D+00
     11  -0.589509D+02
     12   0.280718D+03
     13   0.126256D+03
     14  -0.202746D+01
     15  -0.284498D+02
     16  -0.664135D+02
     17   0.138978D+03
     18   0.301234D+03
 Property number 5 -- Beta(-w,w,0) frequency  3    0.325453:
                 1 
      1   0.154739D+03
      2   0.363015D+03
      3   0.202341D+03
      4  -0.111309D+04
      5  -0.687820D+03
      6   0.826617D+04
      7   0.189832D+04
      8   0.550812D+03
      9   0.261282D+03
     10  -0.423964D+04
     11  -0.126084D+04
     12   0.113499D+05
     13   0.550857D+03
     14  -0.297873D+03
     15  -0.160424D+03
     16  -0.111286D+04
     17   0.105617D+04
     18   0.344885D+04
 End of Minotr F.D. properties file   722 does not exist.
 End of Minotr F.D. properties file   788 does not exist.
 Symmetrizing basis deriv contribution to polar:
 IMax=3 JMax=2 DiffMx= 0.00D+00
 G2DrvN: will do    11 centers at a time, making    1 passes.
 PxScal for G2LodP:  IOpCl= 0 ISclPx=1 IMOff=     1 NMtTot=    19 NTT=    2628 ScalPx= 2.76D+01
 Calling FoFCou, ICntrl=  3107 FMM=F I1Cent=   0 AccDes= 0.00D+00.
 End of G2Drv F.D. properties on file   721 Mask=      11 NFrqRd=     3 NDeriv=     1 ND12= 1 LenFil=      86:
 Frequencies=    0.000000    0.303756    0.325453
 Property number 1 -- Alpha(-w,w) frequency  1    0.000000:
                 1             2             3 
      1   0.391576D+02 -0.360215D+01  0.873499D+00
      2  -0.360215D+01  0.300028D+02 -0.182811D+01
      3   0.873499D+00 -0.182811D+01  0.313356D+02
 Property number 1 -- Alpha(-w,w) frequency  2    0.303756:
                 1             2             3 
      1   0.640858D+02 -0.863568D+01  0.940420D+00
      2  -0.863568D+01  0.426562D+02 -0.358824D+01
      3   0.940420D+00 -0.358824D+01  0.492765D+02
 Property number 1 -- Alpha(-w,w) frequency  3    0.325453:
                 1             2             3 
      1   0.773482D+02 -0.964728D+01 -0.115767D+02
      2  -0.964728D+01  0.473294D+02 -0.618552D+01
      3  -0.115767D+02 -0.618552D+01  0.901529D+02
 Property number 5 -- Beta(-w,w,0) frequency  1    0.000000:
                 1 
      1   0.144382D+02
      2   0.256419D+02
      3   0.126914D+02
      4   0.310425D+02
      5   0.198082D+01
      6   0.251638D+00
      7   0.256419D+02
      8   0.126914D+02
      9   0.220941D+02
     10   0.198082D+01
     11  -0.251144D+01
     12   0.252658D+02
     13   0.310425D+02
     14   0.198082D+01
     15  -0.251144D+01
     16   0.251638D+00
     17   0.252658D+02
     18   0.132368D+02
 Property number 5 -- Beta(-w,w,0) frequency  2    0.303756:
                 1 
      1   0.157135D+03
      2   0.988091D+02
      3   0.438207D+02
      4   0.182248D+03
      5   0.120043D+02
      6  -0.199700D+02
      7   0.210450D+03
      8   0.296851D+02
      9   0.803733D+02
     10  -0.238409D+00
     11  -0.589509D+02
     12   0.280718D+03
     13   0.126256D+03
     14  -0.202746D+01
     15  -0.284498D+02
     16  -0.664135D+02
     17   0.138978D+03
     18   0.301234D+03
 Property number 5 -- Beta(-w,w,0) frequency  3    0.325453:
                 1 
      1   0.154739D+03
      2   0.363015D+03
      3   0.202341D+03
      4  -0.111309D+04
      5  -0.687820D+03
      6   0.826617D+04
      7   0.189832D+04
      8   0.550812D+03
      9   0.261282D+03
     10  -0.423964D+04
     11  -0.126084D+04
     12   0.113499D+05
     13   0.550857D+03
     14  -0.297873D+03
     15  -0.160424D+03
     16  -0.111286D+04
     17   0.105617D+04
     18   0.344885D+04
 End of G2Drv F.D. properties on file   722 Mask=       1 NFrqRd=     3 NDeriv=    30 ND12= 1 LenFil=     815:
 Frequencies=    0.000000    0.303756    0.325453
 Property number 1 -- Alpha(-w,w) derivatives, frequency  1    0.000000:
                 1             2             3             4             5 
      1   0.137006D+01 -0.268106D+01  0.533228D+01 -0.905735D+00  0.117142D+01
      2  -0.268106D+01  0.288026D+01 -0.102188D+00  0.117142D+01 -0.105451D+01
      3   0.533228D+01 -0.102188D+00 -0.161465D+00 -0.678790D+00  0.141489D+01
                 6             7             8             9            10 
      1  -0.678790D+00  0.233481D+01 -0.680344D+00  0.399961D+00 -0.537306D+01
      2   0.141489D+01 -0.680344D+00  0.103347D+01  0.152020D+00  0.325913D+01
      3   0.625064D+00  0.399961D+00  0.152020D+00  0.256239D+01 -0.204247D+01
                11            12            13            14            15 
      1   0.325913D+01 -0.204247D+01  0.255388D+01 -0.385018D+01  0.201769D+01
      2  -0.269135D+01  0.230827D+00 -0.385018D+01  0.427628D+01 -0.915083D+00
      3   0.230827D+00  0.864591D+00  0.201769D+01 -0.915083D+00 -0.405444D+00
                16            17            18            19            20 
      1  -0.554288D+00  0.978312D+00 -0.276521D+01 -0.157155D+01 -0.397170D-02
      2   0.978312D+00 -0.106091D+01  0.136177D+01 -0.397170D-02  0.659922D-01
      3  -0.276521D+01  0.136177D+01 -0.106443D+00 -0.226498D+00 -0.465105D+00
                21            22            23            24            25 
      1  -0.226498D+00 -0.110632D+01  0.117276D+01 -0.375333D+00 -0.424029D+00
      2  -0.465105D+00  0.117276D+01 -0.181445D+01 -0.361395D-01  0.172734D+00
      3  -0.626201D+00 -0.375333D+00 -0.361395D-01 -0.403572D+00 -0.102555D+01
                26            27            28            29            30 
      1   0.172734D+00 -0.102555D+01 -0.367457D+00  0.653455D+00 -0.162978D+01
      2  -0.675914D-02 -0.365362D+00  0.653455D+00  0.115810D+00  0.641432D-01
      3  -0.365362D+00 -0.375633D+00 -0.162978D+01  0.641432D-01 -0.178362D+00
                31            32            33            34            35 
      1   0.467186D-02 -0.485757D-01  0.498590D-01  0.521260D+00  0.140747D+00
      2  -0.485757D-01  0.573942D+00 -0.105733D+01  0.140747D+00 -0.166417D+00
      3   0.498590D-01 -0.105733D+01  0.140397D+00 -0.198970D+00  0.532751D+00
                36            37            38            39            40 
      1  -0.198970D+00  0.689454D+00 -0.576805D+00  0.593560D+00 -0.319001D+00
      2   0.532751D+00 -0.576805D+00 -0.249268D+00  0.255149D+00  0.717786D+00
      3  -0.322882D+01  0.593560D+00  0.255149D+00 -0.440499D+00 -0.638103D+00
                41            42            43            44            45 
      1   0.717786D+00 -0.638103D+00  0.170058D+00 -0.769148D+00  0.108472D+01
      2  -0.150790D+01  0.110922D+01 -0.769148D+00  0.708468D+00 -0.112069D+01
      3   0.110922D+01 -0.414347D-01  0.108472D+01 -0.112069D+01  0.162411D+01
                46            47            48            49            50 
      1   0.330175D+01 -0.125650D+01 -0.446987D+00 -0.562309D+00  0.119539D+01
      2  -0.125650D+01  0.342059D+00  0.185293D+00  0.119539D+01 -0.545493D+00
      3  -0.446987D+00  0.185293D+00 -0.407959D+00 -0.815079D-01 -0.570912D+00
                51            52            53            54            55 
      1  -0.815079D-01 -0.124156D+01  0.547953D+00  0.117197D+01  0.748592D+01
      2  -0.570912D+00  0.547953D+00 -0.300722D+00 -0.453216D+00  0.397742D+00
      3   0.177158D+00  0.117197D+01 -0.453216D+00 -0.762694D+00 -0.196367D+01
                56            57            58            59            60 
      1   0.397742D+00 -0.196367D+01  0.185047D+00  0.253436D+01 -0.384932D+00
      2  -0.189001D+01 -0.385606D+00  0.253436D+01  0.522242D-01 -0.110898D+01
      3  -0.385606D+00 -0.275654D+00 -0.384932D+00 -0.110898D+01 -0.409621D+00
                61            62            63            64            65 
      1  -0.286813D-01 -0.468746D+00  0.463892D+01 -0.232907D+01 -0.848761D+00
      2  -0.468746D+00 -0.521249D+00 -0.523586D+00 -0.848761D+00  0.538212D+00
      3   0.463892D+01 -0.523586D+00 -0.253460D+00 -0.352057D+00  0.485661D+00
                66            67            68            69            70 
      1  -0.352057D+00 -0.135473D+01 -0.116574D+01 -0.403522D+00 -0.674900D+00
      2   0.485661D+00 -0.116574D+01 -0.922720D+00  0.447721D-01 -0.501217D+00
      3   0.341930D+00 -0.403522D+00  0.447721D-01  0.305717D+00 -0.109872D+01
                71            72            73            74            75 
      1  -0.501217D+00 -0.109872D+01 -0.229141D+01  0.115514D+01  0.273947D-01
      2   0.183447D+00 -0.475139D+00  0.115514D+01  0.755837D+00 -0.233062D+00
      3  -0.475139D+00 -0.843552D+00  0.273947D-01 -0.233062D+00  0.253045D-01
                76            77            78            79            80 
      1   0.145425D+01 -0.172063D+01  0.132766D+00  0.373366D-01  0.224791D+00
      2  -0.172063D+01  0.136347D+01  0.213997D+00  0.224791D+00 -0.962879D-01
      3   0.132766D+00  0.213997D+00  0.701701D-01 -0.668516D+00  0.860118D+00
                81            82            83            84            85 
      1  -0.668516D+00 -0.914643D+00 -0.983724D-01  0.708230D+00  0.502333D-01
      2   0.860118D+00 -0.983724D-01  0.132459D+00 -0.351120D-01 -0.660524D-02
      3  -0.261900D+00  0.708230D+00 -0.351120D-01  0.858313D+00  0.361873D+00
                86            87            88            89            90 
      1  -0.660524D-02  0.361873D+00 -0.140005D+00  0.354917D+00 -0.153860D+01
      2  -0.420836D+00  0.905569D+00  0.354917D+00  0.226959D+00  0.313276D-01
      3   0.905569D+00 -0.584336D-01 -0.153860D+01  0.313276D-01  0.164600D+01
 Property number 1 -- Alpha(-w,w) derivatives, frequency  2    0.303756:
                 1             2             3             4             5 
      1   0.910227D+01 -0.456839D+01  0.828542D+01 -0.221633D+01  0.246402D+01
      2  -0.456839D+01  0.428653D+01 -0.211652D+01  0.246402D+01 -0.121785D+01
      3   0.828542D+01 -0.211652D+01 -0.520926D+00 -0.926050D+00  0.207701D+01
                 6             7             8             9            10 
      1  -0.926050D+00  0.440671D+01 -0.118224D+01  0.408997D-01 -0.162782D+02
      2   0.207701D+01 -0.118224D+01  0.101360D+01 -0.899774D+00  0.792454D+01
      3   0.115374D+01  0.408997D-01 -0.899774D+00  0.681997D+01 -0.528039D+01
                11            12            13            14            15 
      1   0.792454D+01 -0.528039D+01  0.730179D+01 -0.822668D+01  0.358232D+01
      2  -0.338154D+01  0.935337D+00 -0.822668D+01  0.943895D+01 -0.327885D+01
      3   0.935337D+00 -0.196253D+01  0.358232D+01 -0.327885D+01  0.251617D+01
                16            17            18            19            20 
      1   0.903882D+00  0.133848D+01 -0.630954D+01 -0.802550D+01 -0.492371D+00
      2   0.133848D+01 -0.240705D+01  0.464346D+01 -0.492371D+00 -0.227563D+01
      3  -0.630954D+01  0.464346D+01 -0.223396D+01  0.240238D+01  0.587904D+00
                21            22            23            24            25 
      1   0.240238D+01 -0.364725D+01  0.137961D+01 -0.103175D+01 -0.127120D+01
      2   0.587904D+00  0.137961D+01 -0.583718D+01  0.171482D+01  0.138309D+01
      3   0.251391D+01 -0.103175D+01  0.171482D+01 -0.387320D+01 -0.266283D+01
                26            27            28            29            30 
      1   0.138309D+01 -0.266283D+01 -0.117365D+01  0.122142D+01 -0.233361D+01
      2   0.742862D+00 -0.237014D+01  0.122142D+01  0.233872D+00  0.950669D+00
      3  -0.237014D+01 -0.294587D+01 -0.233361D+01  0.950669D+00 -0.458650D+00
                31            32            33            34            35 
      1   0.161180D+00 -0.595416D+00  0.346582D+00  0.129851D+01 -0.361879D+00
      2  -0.595416D+00  0.113882D+01 -0.212270D+01 -0.361879D+00 -0.975461D-01
      3   0.346582D+00 -0.212270D+01 -0.623486D+00 -0.131497D+01  0.240366D+01
                36            37            38            39            40 
      1  -0.131497D+01  0.185364D+01 -0.161881D+01  0.439642D+00 -0.754499D+00
      2   0.240366D+01 -0.161881D+01 -0.442425D+00  0.605585D+00  0.225159D+01
      3  -0.514570D+01  0.439642D+00  0.605585D+00  0.123589D+00 -0.249154D+01
                41            42            43            44            45 
      1   0.225159D+01 -0.249154D+01 -0.103611D+01 -0.215129D+01  0.413160D+01
      2  -0.240335D+01  0.186899D+01 -0.215129D+01  0.171879D+01 -0.245702D+01
      3   0.186899D+01 -0.715460D+00  0.413160D+01 -0.245702D+01  0.322068D+01
                46            47            48            49            50 
      1   0.929246D+01 -0.339851D+01 -0.658859D+00 -0.210965D+01  0.218244D+01
      2  -0.339851D+01  0.110819D+01  0.155773D+00  0.218244D+01 -0.103496D+01
      3  -0.658859D+00  0.155773D+00 -0.290872D+01  0.145648D+01 -0.601124D+00
                51            52            53            54            55 
      1   0.145648D+01 -0.311599D+01  0.134469D+01  0.337961D+01  0.175870D+02
      2  -0.601124D+00  0.134469D+01 -0.650251D+00 -0.150338D+01 -0.359304D+00
      3   0.162096D+01  0.337961D+01 -0.150338D+01  0.181837D+01 -0.300819D+01
                56            57            58            59            60 
      1  -0.359304D+00 -0.300819D+01  0.586588D+00  0.804071D+01 -0.652411D+00
      2  -0.159454D+01 -0.124140D+01  0.804071D+01 -0.176830D+01 -0.187748D+01
      3  -0.124140D+01  0.118328D+01 -0.652411D+00 -0.187748D+01 -0.482293D-01
                61            62            63            64            65 
      1   0.109677D+00 -0.496308D+00  0.101636D+02 -0.516254D+01 -0.152277D+01
      2  -0.496308D+00 -0.839103D+00 -0.873219D+00 -0.152277D+01  0.106072D+01
      3   0.101636D+02 -0.873219D+00 -0.261127D+01 -0.640994D+00  0.779793D+00
                66            67            68            69            70 
      1  -0.640994D+00 -0.336277D+01 -0.265246D+01 -0.650393D+00 -0.137837D+01
      2   0.779793D+00 -0.265246D+01 -0.860208D+00  0.277796D+00 -0.888017D+00
      3   0.757376D+00 -0.650393D+00  0.277796D+00  0.100322D+01 -0.256032D+01
                71            72            73            74            75 
      1  -0.888017D+00 -0.256032D+01 -0.497657D+01  0.291638D+01 -0.274233D+00
      2   0.757958D+00 -0.763476D+00  0.291638D+01  0.699241D+00 -0.383811D+00
      3  -0.763476D+00 -0.160548D+01 -0.274233D+00 -0.383811D+00  0.775980D-02
                76            77            78            79            80 
      1   0.417899D+01 -0.434505D+01 -0.222614D+00 -0.741353D-01  0.389451D+00
      2  -0.434505D+01  0.287962D+01  0.365821D+00  0.389451D+00 -0.850638D-01
      3  -0.222614D+00  0.365821D+00 -0.309847D+00 -0.141267D+01  0.150044D+01
                81            82            83            84            85 
      1  -0.141267D+01 -0.221896D+01 -0.102182D+00  0.106882D+01 -0.138051D+00
      2   0.150044D+01 -0.102182D+00  0.305584D+00 -0.273331D+00 -0.498760D+00
      3  -0.282922D+00  0.106882D+01 -0.273331D+00  0.126491D+01  0.589378D+00
                86            87            88            89            90 
      1  -0.498760D+00  0.589378D+00  0.157027D+00  0.624027D+00 -0.345536D+01
      2  -0.335545D+00  0.157572D+01  0.624027D+00 -0.154193D+00  0.319455D+00
      3   0.157572D+01 -0.723863D+00 -0.345536D+01  0.319455D+00  0.296619D+01
 Property number 1 -- Alpha(-w,w) derivatives, frequency  3    0.325453:
                 1             2             3             4             5 
      1   0.404162D+01  0.306232D+01  0.198338D+02 -0.405379D+01  0.484566D+01
      2   0.306232D+01  0.832038D+01 -0.187617D+02  0.484566D+01  0.273599D+00
      3   0.198338D+02 -0.187617D+02 -0.375551D+02  0.105313D+02  0.233109D+00
                 6             7             8             9            10 
      1   0.105313D+02 -0.154862D+02 -0.702453D+01  0.481596D+02 -0.200254D+02
      2   0.233109D+00 -0.702453D+01 -0.209245D+01  0.157082D+01  0.128005D+02
      3  -0.383976D+02  0.481596D+02  0.157082D+01 -0.102129D+03  0.154713D+01
                11            12            13            14            15 
      1   0.128005D+02  0.154713D+01 -0.214346D+02 -0.144715D+02  0.716474D+02
      2  -0.116372D+01 -0.186298D+01 -0.144715D+02  0.102817D+02  0.979678D+01
      3  -0.186298D+01  0.673009D+01  0.716474D+02  0.979678D+01 -0.129719D+03
                16            17            18            19            20 
      1  -0.543177D+01 -0.410854D+01 -0.138737D+02 -0.206842D+02 -0.137715D+02
      2  -0.410854D+01 -0.520716D+01  0.961184D+01 -0.137715D+02 -0.992172D+01
      3  -0.138737D+02  0.961184D+01 -0.146992D+01  0.119843D+02  0.219525D+02
                21            22            23            24            25 
      1   0.119843D+02 -0.242777D+02 -0.970208D+01  0.250993D+02  0.807320D+01
      2   0.219525D+02 -0.970208D+01 -0.106667D+02  0.178719D+02  0.144443D+02
      3   0.132576D+02  0.250993D+02  0.178719D+02 -0.181980D+02  0.161103D+02
                26            27            28            29            30 
      1   0.144443D+02  0.161103D+02  0.443447D+01  0.450276D+00 -0.174990D+02
      2   0.727662D+01 -0.928494D+01  0.450276D+00 -0.123738D+00  0.329216D+01
      3  -0.928494D+01 -0.104146D+03 -0.174990D+02  0.329216D+01  0.309249D+02
                31            32            33            34            35 
      1   0.481835D+01  0.100506D+01 -0.133844D+02  0.188262D+02 -0.190175D+01
      2   0.100506D+01  0.788089D+00 -0.799077D+01 -0.190175D+01 -0.127133D+01
      3  -0.133844D+02 -0.799077D+01  0.391413D+02 -0.514453D+02  0.727074D+01
                36            37            38            39            40 
      1  -0.514453D+02  0.188936D+02 -0.102030D+01 -0.363964D+02  0.297053D+02
      2   0.727074D+01 -0.102030D+01 -0.737994D+00 -0.150333D+01  0.110423D+02
      3   0.129726D+03 -0.363964D+02 -0.150333D+01  0.918972D+02 -0.541378D+02
                41            42            43            44            45 
      1   0.110423D+02 -0.541378D+02 -0.191807D+02 -0.679054D+01  0.499754D+02
      2  -0.424189D+00 -0.115781D+02 -0.679054D+01  0.138529D+01  0.512257D+01
      3  -0.115781D+02  0.673087D+02  0.499754D+02  0.512257D+01 -0.924203D+02
                46            47            48            49            50 
      1   0.483400D+01 -0.532370D+01  0.270496D+02  0.735363D+01  0.382253D+01
      2  -0.532370D+01  0.130407D+01  0.599242D+01  0.382253D+01 -0.142230D+01
      3   0.270496D+02  0.599242D+01 -0.117703D+03 -0.263004D+02 -0.417630D+01
                51            52            53            54            55 
      1  -0.263004D+02  0.968295D+01  0.470220D+01 -0.421299D+02  0.193726D+02
      2  -0.417630D+01  0.470220D+01  0.250002D+00 -0.141544D+02 -0.179031D+01
      3   0.655520D+02 -0.421299D+02 -0.141544D+02  0.152554D+03 -0.276137D+01
                56            57            58            59            60 
      1  -0.179031D+01 -0.276137D+01  0.485126D-01  0.116303D+02 -0.324414D+01
      2  -0.113194D+01 -0.299806D+01  0.116303D+02 -0.216872D+01 -0.656110D+01
      3  -0.299806D+01  0.358702D+02 -0.324414D+01 -0.656110D+01  0.283878D+02
                61            62            63            64            65 
      1   0.883830D+01  0.233104D+01 -0.946876D+01 -0.625253D+01 -0.155785D+01
      2   0.233104D+01 -0.429395D+00 -0.612654D+01 -0.155785D+01  0.143675D+01
      3  -0.946876D+01 -0.612654D+01  0.473655D+02 -0.571924D+00  0.134215D+01
                66            67            68            69            70 
      1  -0.571924D+00 -0.496142D+01 -0.372553D+01 -0.218218D+01 -0.955536D+00
      2   0.134215D+01 -0.372553D+01 -0.813647D+00  0.230944D+01 -0.110261D+01
      3  -0.538596D+00 -0.218218D+01  0.230944D+01  0.134488D+02 -0.558935D+01
                71            72            73            74            75 
      1  -0.110261D+01 -0.558935D+01 -0.925489D+00  0.581621D+01 -0.163487D+02
      2   0.915269D+00 -0.315796D+00  0.581621D+01  0.106489D+01 -0.644494D+01
      3  -0.315796D+00  0.763149D+01 -0.163487D+02 -0.644494D+01  0.380036D+02
                76            77            78            79            80 
      1   0.542456D+01 -0.634293D+01  0.662385D+01  0.200414D+01  0.120061D+01
      2  -0.634293D+01  0.324213D+01  0.464886D+01  0.120061D+01  0.474635D+00
      3   0.662385D+01  0.464886D+01 -0.532286D+02 -0.825139D+01 -0.148073D+01
                81            82            83            84            85 
      1  -0.825139D+01 -0.368861D+01  0.133432D+01  0.131626D+02  0.737719D+01
      2  -0.148073D+01  0.133432D+01  0.953029D+00 -0.100815D+01  0.189617D+01
      3   0.204501D+02  0.131626D+02 -0.100815D+01 -0.608865D+02 -0.146530D+02
                86            87            88            89            90 
      1   0.189617D+01 -0.146530D+02 -0.637059D+01 -0.175016D+01  0.165131D+02
      2   0.910111D+00 -0.455381D+01 -0.175016D+01 -0.130149D+01  0.778642D+01
      3  -0.455381D+01  0.257046D+02  0.165131D+02  0.778642D+01 -0.575618D+02
 End of G2Drv F.D. properties file   788 does not exist.
          IDoAtm=1111111111
          Differentiating once with respect to electric field.
                with respect to dipole field.
          Differentiating once with respect to nuclear coordinates.
 Keep R1 and R3 ints in memory in canonical form, NReq=7799443.
          There are    33 degrees of freedom in the 1st order CPHF.  IDoFFX=5 NUNeed=    33.
 Will reuse    3 saved solutions.
     27 vectors produced by pass  0 Test12= 2.72D-15 3.03D-09 XBig12= 1.06D-01 7.46D-02.
 AX will form    27 AO Fock derivatives at one time.
     27 vectors produced by pass  1 Test12= 2.72D-15 3.03D-09 XBig12= 1.06D-02 2.26D-02.
     27 vectors produced by pass  2 Test12= 2.72D-15 3.03D-09 XBig12= 2.18D-04 2.48D-03.
     27 vectors produced by pass  3 Test12= 2.72D-15 3.03D-09 XBig12= 9.15D-07 1.57D-04.
     27 vectors produced by pass  4 Test12= 2.72D-15 3.03D-09 XBig12= 9.23D-10 4.44D-06.
     12 vectors produced by pass  5 Test12= 2.72D-15 3.03D-09 XBig12= 5.69D-13 1.18D-07.
      1 vectors produced by pass  6 Test12= 2.72D-15 3.03D-09 XBig12= 4.31D-16 3.95D-09.
 InvSVY:  IOpt=1 It=  1 EMax= 1.33D-15
 Solved reduced A of dimension   148 with    27 vectors.
 Isotropic polarizability for W=    0.000000       33.50 Bohr**3.
 PxSclF for G(T1ab):  IOpCl= 0 ISclPx=1 IMOff=     0 NMtTot=    27 NTT=    2628 IRwP= 19995     0 IPTmp= 19990     0 ScalPx= 1.18D+04
 End of Minotr F.D. properties on file   721 Mask=      11 NFrqRd=     3 NDeriv=     1 ND12= 1 LenFil=      86:
 Frequencies=    0.000000    0.303756    0.325453
 Property number 1 -- Alpha(-w,w) frequency  1    0.000000:
                 1             2             3 
      1   0.391576D+02 -0.360215D+01  0.873499D+00
      2  -0.360215D+01  0.300028D+02 -0.182811D+01
      3   0.873499D+00 -0.182811D+01  0.313356D+02
 Property number 1 -- Alpha(-w,w) frequency  2    0.303756:
                 1             2             3 
      1   0.640858D+02 -0.863568D+01  0.940420D+00
      2  -0.863568D+01  0.426562D+02 -0.358824D+01
      3   0.940420D+00 -0.358824D+01  0.492765D+02
 Property number 1 -- Alpha(-w,w) frequency  3    0.325453:
                 1             2             3 
      1   0.773482D+02 -0.964728D+01 -0.115767D+02
      2  -0.964728D+01  0.473294D+02 -0.618552D+01
      3  -0.115767D+02 -0.618552D+01  0.901529D+02
 Property number 5 -- Beta(-w,w,0) frequency  1    0.000000:
                 1 
      1   0.144382D+02
      2   0.256419D+02
      3   0.126914D+02
      4   0.310425D+02
      5   0.198082D+01
      6   0.251638D+00
      7   0.256419D+02
      8   0.126914D+02
      9   0.220941D+02
     10   0.198082D+01
     11  -0.251144D+01
     12   0.252658D+02
     13   0.310425D+02
     14   0.198082D+01
     15  -0.251144D+01
     16   0.251638D+00
     17   0.252658D+02
     18   0.132368D+02
 Property number 5 -- Beta(-w,w,0) frequency  2    0.303756:
                 1 
      1   0.157135D+03
      2   0.988091D+02
      3   0.438207D+02
      4   0.182248D+03
      5   0.120043D+02
      6  -0.199700D+02
      7   0.210450D+03
      8   0.296851D+02
      9   0.803733D+02
     10  -0.238409D+00
     11  -0.589509D+02
     12   0.280718D+03
     13   0.126256D+03
     14  -0.202746D+01
     15  -0.284498D+02
     16  -0.664135D+02
     17   0.138978D+03
     18   0.301234D+03
 Property number 5 -- Beta(-w,w,0) frequency  3    0.325453:
                 1 
      1   0.154739D+03
      2   0.363015D+03
