 Entering Gaussian System, Link 0=g16
 Initial command:
 /sob/g16/l1.exe "/sob2/gauscr/Gau-31731.inp" -scrdir="/sob2/gauscr/"
 Default is to use a total of  36 processors:
                               36 via shared-memory
                                1 via Linda
 Entering Link 1 = /sob/g16/l1.exe PID=     31733.
  
 Copyright (c) 1988,1990,1992,1993,1995,1998,2003,2009,2016,
            Gaussian, Inc.  All Rights Reserved.
  
 This is part of the Gaussian(R) 16 program.  It is based on
 the Gaussian(R) 09 system (copyright 2009, Gaussian, Inc.),
 the Gaussian(R) 03 system (copyright 2003, Gaussian, Inc.),
 the Gaussian(R) 98 system (copyright 1998, Gaussian, Inc.),
 the Gaussian(R) 94 system (copyright 1995, Gaussian, Inc.),
 the Gaussian 92(TM) system (copyright 1992, Gaussian, Inc.),
 the Gaussian 90(TM) system (copyright 1990, Gaussian, Inc.),
 the Gaussian 88(TM) system (copyright 1988, Gaussian, Inc.),
 the Gaussian 86(TM) system (copyright 1986, Carnegie Mellon
 University), and the Gaussian 82(TM) system (copyright 1983,
 Carnegie Mellon University). Gaussian is a federally registered
 trademark of Gaussian, Inc.
  
 This software contains proprietary and confidential information,
 including trade secrets, belonging to Gaussian, Inc.
  
 This software is provided under written license and may be
 used, copied, transmitted, or stored only in accord with that
 written license.
  
 The following legend is applicable only to US Government
 contracts under FAR:
  
                    RESTRICTED RIGHTS LEGEND
  
 Use, reproduction and disclosure by the US Government is
 subject to restrictions as set forth in subparagraphs (a)
 and (c) of the Commercial Computer Software - Restricted
 Rights clause in FAR 52.227-19.
  
 Gaussian, Inc.
 340 Quinnipiac St., Bldg. 40, Wallingford CT 06492
  
  
 ---------------------------------------------------------------
 Warning -- This program may not be used in any manner that
 competes with the business of Gaussian, Inc. or will provide
 assistance to any competitor of Gaussian, Inc.  The licensee
 of this program is prohibited from giving any competitor of
 Gaussian, Inc. access to this program.  By using this program,
 the user acknowledges that Gaussian, Inc. is engaged in the
 business of creating and licensing software in the field of
 computational chemistry and represents and warrants to the
 licensee that it is not a competitor of Gaussian, Inc. and that
 it will not use this program in any manner prohibited above.
 ---------------------------------------------------------------
  

 Cite this work as:
 Gaussian 16, Revision A.03,
 M. J. Frisch, G. W. Trucks, H. B. Schlegel, G. E. Scuseria, 
 M. A. Robb, J. R. Cheeseman, G. Scalmani, V. Barone, 
 G. A. Petersson, H. Nakatsuji, X. Li, M. Caricato, A. V. Marenich, 
 J. Bloino, B. G. Janesko, R. Gomperts, B. Mennucci, H. P. Hratchian, 
 J. V. Ortiz, A. F. Izmaylov, J. L. Sonnenberg, D. Williams-Young, 
 F. Ding, F. Lipparini, F. Egidi, J. Goings, B. Peng, A. Petrone, 
 T. Henderson, D. Ranasinghe, V. G. Zakrzewski, J. Gao, N. Rega, 
 G. Zheng, W. Liang, M. Hada, M. Ehara, K. Toyota, R. Fukuda, 
 J. Hasegawa, M. Ishida, T. Nakajima, Y. Honda, O. Kitao, H. Nakai, 
 T. Vreven, K. Throssell, J. A. Montgomery, Jr., J. E. Peralta, 
 F. Ogliaro, M. J. Bearpark, J. J. Heyd, E. N. Brothers, K. N. Kudin, 
 V. N. Staroverov, T. A. Keith, R. Kobayashi, J. Normand, 
 K. Raghavachari, A. P. Rendell, J. C. Burant, S. S. Iyengar, 
 J. Tomasi, M. Cossi, J. M. Millam, M. Klene, C. Adamo, R. Cammi, 
 J. W. Ochterski, R. L. Martin, K. Morokuma, O. Farkas, 
 J. B. Foresman, and D. J. Fox, Gaussian, Inc., Wallingford CT, 2016.
 
 ******************************************
 Gaussian 16:  ES64L-G16RevA.03 25-Dec-2016
                22-Jul-2018 
 ******************************************
 ----------------------------
 # B3LYP/aug-cc-pVDZ freq=ROA
 ----------------------------
 1/10=4,30=1,38=1,83=21/1,3;
 2/12=2,17=6,18=5,40=1/2;
 3/5=16,7=10,11=2,25=1,30=1,36=2,71=2,74=-5,140=1/1,2,3;
 4//1;
 5/5=2,38=5,98=1/2;
 8/6=4,10=90,11=11/1;
 10/13=10,15=4,49=111,72=3/2;
 11/6=3,8=1,9=11,15=111,16=1/1,2,10;
 10/6=1,49=111/2;
 6/7=2,8=2,9=2,10=2,28=1/1;
 7/8=1,10=1,25=1/1,2,3,16;
 1/10=4,30=1/3;
 99//99;
 ------------------------------------------------
 Geometry has been optimized at B3LYP/aug-cc-pVDZ
 ------------------------------------------------
 Symbolic Z-matrix:
 Charge =  0 Multiplicity = 1
 C                    -1.04474   0.61999  -0.06138 
 C                     0.15501  -0.03224   0.48702 
 H                    -1.87675   0.88139   0.59781 
 H                    -0.96019   1.21502  -0.9752 
 H                     0.15524  -0.2488    1.56124 
 O                    -0.83134  -0.79417  -0.23888 
 C                     1.51356   0.09803  -0.15 
 H                     2.08458   0.90647   0.33046 
 H                     2.08403  -0.83472  -0.03583 
 H                     1.42081   0.31932  -1.22127 
 
 Using perturbation frequencies:    0.075939    0.085645    0.091127

 GradGradGradGradGradGradGradGradGradGradGradGradGradGradGradGradGradGrad
 Berny optimization.
 Initialization pass.
 Trust Radius=3.00D-01 FncErr=1.00D-07 GrdErr=1.00D-07 EigMax=2.50D+02 EigMin=1.00D-04
 Number of steps in this run=      2 maximum allowed number of steps=      2.
 GradGradGradGradGradGradGradGradGradGradGradGradGradGradGradGradGradGrad

                          Input orientation:                          
 ---------------------------------------------------------------------
 Center     Atomic      Atomic             Coordinates (Angstroms)
 Number     Number       Type             X           Y           Z
 ---------------------------------------------------------------------
      1          6           0       -1.044737    0.619994   -0.061380
      2          6           0        0.155011   -0.032240    0.487022
      3          1           0       -1.876748    0.881393    0.597813
      4          1           0       -0.960189    1.215021   -0.975198
      5          1           0        0.155240   -0.248797    1.561236
      6          8           0       -0.831339   -0.794174   -0.238879
      7          6           0        1.513556    0.098031   -0.150003
      8          1           0        2.084582    0.906467    0.330457
      9          1           0        2.084031   -0.834720   -0.035831
     10          1           0        1.420814    0.319316   -1.221272
 ---------------------------------------------------------------------
                    Distance matrix (angstroms):
                    1          2          3          4          5
     1  C    0.000000
     2  C    1.471581   0.000000
     3  H    1.093210   2.230481   0.000000
     4  H    1.093741   2.222030   1.850879   0.000000
     5  H    2.197186   1.095825   2.516841   3.133759   0.000000
     6  O    1.441151   1.442346   2.144868   2.143743   2.123956
     7  C    2.612501   1.506126   3.559079   2.836905   2.212160
     8  H    3.166740   2.151494   3.970421   3.327247   2.563555
     9  H    3.450512   2.153710   4.362834   3.788288   2.571802
    10  H    2.741295   2.155021   3.807744   2.555781   3.109145
                    6          7          8          9         10
     6  O    0.000000
     7  C    2.510470   0.000000
     8  H    3.423291   1.100219   0.000000
     9  H    2.922714   1.099319   1.779297   0.000000
    10  H    2.697619   1.097809   1.786952   1.782393   0.000000
 Stoichiometry    C3H6O
 Framework group  C1[X(C3H6O)]
 Deg. of freedom    24
 Full point group                 C1      NOp   1
 Largest Abelian subgroup         C1      NOp   1
 Largest concise Abelian subgroup C1      NOp   1
                         Standard orientation:                         
 ---------------------------------------------------------------------
 Center     Atomic      Atomic             Coordinates (Angstroms)
 Number     Number       Type             X           Y           Z
 ---------------------------------------------------------------------
      1          6           0       -1.044737    0.619994   -0.061380
      2          6           0        0.155011   -0.032240    0.487022
      3          1           0       -1.876748    0.881393    0.597813
      4          1           0       -0.960189    1.215021   -0.975198
      5          1           0        0.155240   -0.248797    1.561236
      6          8           0       -0.831339   -0.794174   -0.238879
      7          6           0        1.513556    0.098032   -0.150003
      8          1           0        2.084582    0.906468    0.330457
      9          1           0        2.084031   -0.834719   -0.035831
     10          1           0        1.420814    0.319316   -1.221272
 ---------------------------------------------------------------------
 Rotational constants (GHZ):          18.0110759           6.6044033           5.8813229
 Standard basis: Aug-CC-pVDZ (5D, 7F)
 There are   154 symmetry adapted cartesian basis functions of A   symmetry.
 There are   146 symmetry adapted basis functions of A   symmetry.
   146 basis functions,   238 primitive gaussians,   154 cartesian basis functions
    16 alpha electrons       16 beta electrons
       nuclear repulsion energy       124.0922684082 Hartrees.
 NAtoms=   10 NActive=   10 NUniq=   10 SFac= 1.00D+00 NAtFMM=   60 NAOKFM=F Big=F
 Integral buffers will be    131072 words long.
 Raffenetti 2 integral format.
 Two-electron integral symmetry is turned on.
 One-electron integrals computed using PRISM.
 NBasis=   146 RedAO= T EigKep=  3.72D-05  NBF=   146
 NBsUse=   146 1.00D-06 EigRej= -1.00D+00 NBFU=   146
 ExpMin= 2.97D-02 ExpMax= 1.17D+04 ExpMxC= 4.01D+02 IAcc=3 IRadAn=         5 AccDes= 0.00D+00
 Harris functional with IExCor=  402 and IRadAn=       5 diagonalized for initial guess.
 HarFok:  IExCor=  402 AccDes= 0.00D+00 IRadAn=         5 IDoV= 1 UseB2=F ITyADJ=14
 ICtDFT=  3500011 ScaDFX=  1.000000  1.000000  1.000000  1.000000
 FoFCou: FMM=F IPFlag=           0 FMFlag=      100000 FMFlg1=           0
         NFxFlg=           0 DoJE=T BraDBF=F KetDBF=T FulRan=T
         wScrn=  0.000000 ICntrl=       500 IOpCl=  0 I1Cent=   200000004 NGrid=           0
         NMat0=    1 NMatS0=      1 NMatT0=    0 NMatD0=    1 NMtDS0=    0 NMtDT0=    0
 Petite list used in FoFCou.
 Keep R1 ints in memory in canonical form, NReq=92842820.
 Requested convergence on RMS density matrix=1.00D-08 within 128 cycles.
 Requested convergence on MAX density matrix=1.00D-06.
 Requested convergence on             energy=1.00D-06.
 No special actions if energy rises.
 SCF Done:  E(RB3LYP) =  -193.134099271     A.U. after   11 cycles
            NFock= 11  Conv=0.40D-08     -V/T= 2.0069
 DoSCS=F DFT=T ScalE2(SS,OS)=  1.000000  1.000000
 Range of M.O.s used for correlation:     1   146
 NBasis=   146 NAE=    16 NBE=    16 NFC=     0 NFV=     0
 NROrb=    146 NOA=    16 NOB=    16 NVA=   130 NVB=   130

 **** Warning!!: The largest alpha MO coefficient is  0.46948540D+02

          Differentiating once with respect to electric field.
                with respect to dipole field.
                with respect to quadrupole field.
          Differentiating once with respect to magnetic field using GIAOs.
          Electric field/nuclear overlap derivatives assumed to be zero.
 Keep R1 and R3 ints in memory in canonical form, NReq=152355433.
 FoFJK:  IHMeth= 1 ICntrl=    6127 DoSepK=F KAlg= 0 I1Cent=           0 FoldK=F
 IRaf=         1 NMat=       1 IRICut=       1 DoRegI=T DoRafI=F ISym2E= 0 IDoP0=0 IntGTp=1.
 CalDSu exits because no D1Ps are significant.
          There are    36 degrees of freedom in the 1st order CPHF.  IDoFFX=0 NUNeed=    36.
 LinEq1:  Iter=  0 NonCon=    36 RMS=3.56D-01 Max=3.63D+00 NDo=    36
 AX will form    36 AO Fock derivatives at one time.
 LinEq1:  Iter=  1 NonCon=    36 RMS=1.38D-01 Max=1.82D+00 NDo=    36
 LinEq1:  Iter=  2 NonCon=    36 RMS=9.90D-02 Max=8.44D-01 NDo=    36
 LinEq1:  Iter=  3 NonCon=    36 RMS=3.22D-02 Max=3.52D-01 NDo=    36
 LinEq1:  Iter=  4 NonCon=    36 RMS=1.77D-02 Max=3.24D-01 NDo=    36
 LinEq1:  Iter=  5 NonCon=    36 RMS=1.09D-02 Max=1.51D-01 NDo=    36
 LinEq1:  Iter=  6 NonCon=    36 RMS=5.50D-03 Max=7.93D-02 NDo=    36
 LinEq1:  Iter=  7 NonCon=    36 RMS=1.74D-03 Max=2.40D-02 NDo=    36
 LinEq1:  Iter=  8 NonCon=    36 RMS=4.51D-04 Max=4.83D-03 NDo=    36
 LinEq1:  Iter=  9 NonCon=    36 RMS=2.11D-04 Max=2.33D-03 NDo=    36
 LinEq1:  Iter= 10 NonCon=    36 RMS=8.16D-05 Max=1.28D-03 NDo=    36
 LinEq1:  Iter= 11 NonCon=    36 RMS=1.82D-05 Max=3.00D-04 NDo=    36
 LinEq1:  Iter= 12 NonCon=    36 RMS=4.18D-06 Max=6.90D-05 NDo=    36
 LinEq1:  Iter= 13 NonCon=    36 RMS=1.10D-06 Max=1.32D-05 NDo=    36
 LinEq1:  Iter= 14 NonCon=    33 RMS=2.38D-07 Max=3.15D-06 NDo=    36
 LinEq1:  Iter= 15 NonCon=    24 RMS=5.14D-08 Max=8.09D-07 NDo=    33
 LinEq1:  Iter= 16 NonCon=     2 RMS=9.16D-09 Max=1.31D-07 NDo=    24
 LinEq1:  Iter= 17 NonCon=     0 RMS=1.85D-09 Max=2.79D-08 NDo=     2
 Linear equations converged to 1.000D-08 1.000D-07 after    17 iterations.
 Isotropic polarizability for W=    0.075939       42.81 Bohr**3.
 Isotropic polarizability for W=    0.085645       43.09 Bohr**3.
 Isotropic polarizability for W=    0.091127       43.26 Bohr**3.
 Dipole-magnetic dipole polarizability for W=    0.075939:
                 1             2             3 
      1   0.871457D+00  0.857563D+00 -0.647796D+01
      2  -0.454279D+01  0.758692D+00  0.732570D+01
      3   0.374247D+01 -0.654040D+01 -0.156239D+01
 DQ contribution to OR G for W=    0.075939:
                 1             2             3 
      1   0.153666D+01  0.285108D+01 -0.196826D+02
      2  -0.224577D+01  0.536102D+00  0.238768D+02
      3   0.187090D+02 -0.219938D+02 -0.207277D+01
 Optical Rotation G' tensor for W=    0.075939:
                 1             2             3 
      1  -0.176847D-01  0.996970D+00  0.562178D+00
      2   0.996970D+00 -0.211443D+00  0.390553D-01
      3   0.562178D+00  0.390553D-01  0.296883D+00
 OR G Eigenvalues:    -1.2028     0.1341     1.1364  Iso=    -0.0226
 Eigenvectors:
   (1)   0.689130  -0.683553  -0.240529
   (2)  -0.207630  -0.504274   0.838211
   (3)   0.694254   0.527696   0.489437
 w=    0.075939 a.u., Optical Rotation Beta=     -0.0226 au.
 Molar Mass =     58.0798 grams/mole, [Alpha] ( 6000.0 A) =      -14.50 deg.
 Dipole-magnetic dipole polarizability for W=    0.085645:
                 1             2             3 
      1   0.864872D+00  0.858892D+00 -0.654578D+01
      2  -0.459258D+01  0.779371D+00  0.737000D+01
      3   0.377108D+01 -0.660880D+01 -0.158477D+01
 DQ contribution to OR G for W=    0.085645:
                 1             2             3 
      1   0.157702D+01  0.291265D+01 -0.198328D+02
      2  -0.227972D+01  0.523377D+00  0.240243D+02
      3   0.188754D+02 -0.221337D+02 -0.210040D+01
 Optical Rotation G' tensor for W=    0.085645:
                 1             2             3 
      1  -0.844560D-02  0.101254D+01  0.574001D+00
      2   0.101254D+01 -0.229106D+00  0.460191D-01
      3   0.574001D+00  0.460191D-01  0.297022D+00
 OR G Eigenvalues:    -1.2230     0.1234     1.1591  Iso=    -0.0198
 Eigenvectors:
   (1)  -0.685844   0.687672   0.238171
   (2)  -0.213091  -0.502689   0.837792
   (3)   0.695852   0.523843   0.491303
 w=    0.085645 a.u., Optical Rotation Beta=     -0.0198 au.
 Molar Mass =     58.0798 grams/mole, [Alpha] ( 5320.0 A) =      -16.19 deg.
 Dipole-magnetic dipole polarizability for W=    0.091127:
                 1             2             3 
      1   0.860381D+00  0.859438D+00 -0.658883D+01
      2  -0.462383D+01  0.792612D+00  0.739742D+01
      3   0.378892D+01 -0.665210D+01 -0.159919D+01
 DQ contribution to OR G for W=    0.091127:
                 1             2             3 
      1   0.160331D+01  0.295263D+01 -0.199273D+02
      2  -0.230194D+01  0.514559D+00  0.241160D+02
      3   0.189804D+02 -0.222208D+02 -0.211787D+01
 Optical Rotation G' tensor for W=    0.091127:
                 1             2             3 
      1  -0.246149D-02  0.102243D+01  0.581617D+00
      2   0.102243D+01 -0.240764D+00  0.505644D-01
      3   0.581617D+00  0.505644D-01  0.297030D+00
 OR G Eigenvalues:    -1.2361     0.1163     1.1735  Iso=    -0.0179
 Eigenvectors:
   (1)  -0.683712   0.690327   0.236614
   (2)  -0.216608  -0.501605   0.837540
   (3)   0.696863   0.521384   0.492484
 w=    0.091127 a.u., Optical Rotation Beta=     -0.0179 au.
 Molar Mass =     58.0798 grams/mole, [Alpha] ( 5000.0 A) =      -16.58 deg.
 End of Minotr F.D. properties on file   721 Mask=       B NFrqRd=     3 NDeriv=     1 ND12= 1 LenFil=     113:
 Frequencies=    0.075939    0.085645    0.091127
 Property number 1 -- Alpha(-w,w) frequency  1    0.075939:
                 1             2             3 
      1   0.488403D+02 -0.251379D+01  0.796305D+00
      2  -0.251379D+01  0.398558D+02 -0.596942D+00
      3   0.796305D+00 -0.596942D+00  0.397376D+02
 Property number 1 -- Alpha(-w,w) frequency  2    0.085645:
                 1             2             3 
      1   0.491769D+02 -0.254921D+01  0.801366D+00
      2  -0.254921D+01  0.400924D+02 -0.596012D+00
      3   0.801366D+00 -0.596012D+00  0.399924D+02
 Property number 1 -- Alpha(-w,w) frequency  3    0.091127:
                 1             2             3 
      1   0.493884D+02 -0.257161D+01  0.804436D+00
      2  -0.257161D+01  0.402410D+02 -0.595165D+00
      3   0.804436D+00 -0.595165D+00  0.401530D+02
 Property number 2 -- FD Optical Rotation Tensor frequency  1    0.075939:
                 1             2             3 
      1   0.871457D+00  0.857563D+00 -0.647796D+01
      2  -0.454279D+01  0.758692D+00  0.732570D+01
      3   0.374247D+01 -0.654040D+01 -0.156239D+01
 Property number 2 -- FD Optical Rotation Tensor frequency  2    0.085645:
                 1             2             3 
      1   0.864872D+00  0.858892D+00 -0.654578D+01
      2  -0.459258D+01  0.779371D+00  0.737000D+01
      3   0.377108D+01 -0.660880D+01 -0.158477D+01
 Property number 2 -- FD Optical Rotation Tensor frequency  3    0.091127:
                 1             2             3 
      1   0.860381D+00  0.859438D+00 -0.658883D+01
      2  -0.462383D+01  0.792612D+00  0.739742D+01
      3   0.378892D+01 -0.665210D+01 -0.159919D+01
 Property number 4 -- D-Q polarizability frequency  1    0.075939:
                 1             2             3 
      1   0.250503D+02 -0.804721D-02  0.265041D+01
      2  -0.149199D+02  0.499161D+01 -0.768598D+01
      3  -0.101304D+02 -0.498356D+01  0.503557D+01
      4   0.187010D+02  0.707391D+01 -0.129337D+01
      5   0.489618D+01  0.243293D+00  0.137464D+02
      6  -0.182947D+01 -0.483490D+01  0.146990D+02
 Property number 4 -- D-Q polarizability frequency  2    0.085645:
                 1             2             3 
      1   0.252372D+02  0.106820D-01  0.267081D+01
      2  -0.150386D+02  0.497682D+01 -0.780350D+01
      3  -0.101986D+02 -0.498750D+01  0.513269D+01
      4   0.188861D+02  0.709510D+01 -0.132385D+01
      5   0.495053D+01  0.253170D+00  0.138257D+02
      6  -0.184723D+01 -0.489085D+01  0.148453D+02
 Property number 4 -- D-Q polarizability frequency  3    0.091127:
                 1             2             3 
      1   0.253543D+02  0.224976D-01  0.268323D+01
      2  -0.151132D+02  0.496658D+01 -0.787877D+01
      3  -0.102412D+02 -0.498908D+01  0.519554D+01
      4   0.190029D+02  0.710764D+01 -0.134387D+01
      5   0.498517D+01  0.259441D+00  0.138748D+02
      6  -0.185843D+01 -0.492614D+01  0.149383D+02
 End of Minotr F.D. properties file   722 does not exist.
 End of Minotr F.D. properties file   788 does not exist.
 Symmetrizing basis deriv contribution to polar:
 IMax=3 JMax=2 DiffMx= 0.00D+00
 G2DrvN: will do    11 centers at a time, making    1 passes.
 PxScal for G2LodP:  IOpCl= 0 ISclPx=1 IMOff=     1 NMtTot=    73 NTT=   10731 ScalPx= 2.36D+01
 Calling FoFCou, ICntrl=  3107 FMM=F I1Cent=   0 AccDes= 0.00D+00.
 End of G2Drv F.D. properties on file   721 Mask=       B NFrqRd=     3 NDeriv=     1 ND12= 1 LenFil=     113:
 Frequencies=    0.075939    0.085645    0.091127
 Property number 1 -- Alpha(-w,w) frequency  1    0.075939:
                 1             2             3 
      1   0.488403D+02 -0.251379D+01  0.796305D+00
      2  -0.251379D+01  0.398558D+02 -0.596942D+00
      3   0.796305D+00 -0.596942D+00  0.397376D+02
 Property number 1 -- Alpha(-w,w) frequency  2    0.085645:
                 1             2             3 
      1   0.491769D+02 -0.254921D+01  0.801366D+00
      2  -0.254921D+01  0.400924D+02 -0.596012D+00
      3   0.801366D+00 -0.596012D+00  0.399924D+02
 Property number 1 -- Alpha(-w,w) frequency  3    0.091127:
                 1             2             3 
      1   0.493884D+02 -0.257161D+01  0.804436D+00
      2  -0.257161D+01  0.402410D+02 -0.595165D+00
      3   0.804436D+00 -0.595165D+00  0.401530D+02
 Property number 2 -- FD Optical Rotation Tensor frequency  1    0.075939:
                 1             2             3 
      1   0.871457D+00  0.857563D+00 -0.647796D+01
      2  -0.454279D+01  0.758692D+00  0.732570D+01
      3   0.374247D+01 -0.654040D+01 -0.156239D+01
 Property number 2 -- FD Optical Rotation Tensor frequency  2    0.085645:
                 1             2             3 
      1   0.864872D+00  0.858892D+00 -0.654578D+01
      2  -0.459258D+01  0.779371D+00  0.737000D+01
      3   0.377108D+01 -0.660880D+01 -0.158477D+01
 Property number 2 -- FD Optical Rotation Tensor frequency  3    0.091127:
                 1             2             3 
      1   0.860381D+00  0.859438D+00 -0.658883D+01
      2  -0.462383D+01  0.792612D+00  0.739742D+01
      3   0.378892D+01 -0.665210D+01 -0.159919D+01
 Property number 4 -- D-Q polarizability frequency  1    0.075939:
                 1             2             3 
      1   0.250503D+02 -0.804721D-02  0.265041D+01
      2  -0.149199D+02  0.499161D+01 -0.768598D+01
      3  -0.101304D+02 -0.498356D+01  0.503557D+01
      4   0.187010D+02  0.707391D+01 -0.129337D+01
      5   0.489618D+01  0.243293D+00  0.137464D+02
      6  -0.182947D+01 -0.483490D+01  0.146990D+02
 Property number 4 -- D-Q polarizability frequency  2    0.085645:
                 1             2             3 
      1   0.252372D+02  0.106820D-01  0.267081D+01
      2  -0.150386D+02  0.497682D+01 -0.780350D+01
      3  -0.101986D+02 -0.498750D+01  0.513269D+01
      4   0.188861D+02  0.709510D+01 -0.132385D+01
      5   0.495053D+01  0.253170D+00  0.138257D+02
      6  -0.184723D+01 -0.489085D+01  0.148453D+02
 Property number 4 -- D-Q polarizability frequency  3    0.091127:
                 1             2             3 
      1   0.253543D+02  0.224976D-01  0.268323D+01
      2  -0.151132D+02  0.496658D+01 -0.787877D+01
      3  -0.102412D+02 -0.498908D+01  0.519554D+01
      4   0.190029D+02  0.710764D+01 -0.134387D+01
      5   0.498517D+01  0.259441D+00  0.138748D+02
      6  -0.185843D+01 -0.492614D+01  0.149383D+02
 End of G2Drv F.D. properties on file   722 Mask=       B NFrqRd=     3 NDeriv=    30 ND12= 1 LenFil=    3245:
 Frequencies=    0.075939    0.085645    0.091127
 Property number 1 -- Alpha(-w,w) derivatives, frequency  1    0.075939:
                 1             2             3             4             5 
      1  -0.573683D+01  0.133467D+01 -0.109356D+01  0.113972D+01 -0.229260D+01
      2   0.133467D+01 -0.340877D+00  0.925872D+00 -0.229260D+01  0.402610D+01
      3  -0.109356D+01  0.925872D+00 -0.636349D+00  0.167123D+01  0.854812D+00
                 6             7             8             9            10 
      1   0.167123D+01 -0.118317D+01  0.161999D+01 -0.233620D+01  0.415687D+01
      2   0.854812D+00  0.161999D+01  0.562699D+00 -0.386669D-01  0.809590D+00
      3  -0.102481D+01 -0.233620D+01 -0.386669D-01 -0.287884D+01  0.233072D+01
                11            12            13            14            15 
      1   0.809590D+00  0.233072D+01  0.811151D+00 -0.977661D+00 -0.124278D+01
      2  -0.350829D+01 -0.144655D+01 -0.977661D+00 -0.406911D+01 -0.225180D+01
      3  -0.144655D+01  0.236163D+00 -0.124278D+01 -0.225180D+01  0.155502D+01
                16            17            18            19            20 
      1   0.887497D-01 -0.845571D+00  0.265143D+00  0.242779D+01 -0.956047D+00
      2  -0.845571D+00 -0.255551D+01  0.111826D+01 -0.956047D+00  0.142467D+01
      3   0.265143D+00  0.111826D+01  0.486552D+01 -0.453452D+00  0.401886D+00
                21            22            23            24            25 
      1  -0.453452D+00 -0.251791D+00  0.506039D+00 -0.423822D+00 -0.516675D+00
      2   0.401886D+00  0.506039D+00 -0.101366D+01  0.324815D+00 -0.304449D+00
      3   0.506904D-01 -0.423822D+00  0.324815D+00  0.438613D-01  0.479357D+00
                26            27            28            29            30 
      1  -0.304449D+00  0.479357D+00  0.418359D+00 -0.892246D+00  0.507652D+00
      2   0.174406D+00 -0.223072D+00 -0.892246D+00  0.187679D+00  0.233973D+00
      3  -0.223072D+00 -0.124594D+01  0.507652D+00  0.233973D+00 -0.253932D+00
                31            32            33            34            35 
      1  -0.672344D+00  0.418854D+00 -0.221932D+00  0.814090D+00 -0.849284D+00
      2   0.418854D+00 -0.123234D+01  0.315675D+00 -0.849284D+00  0.171641D+01
      3  -0.221932D+00  0.315675D+00 -0.820193D+00  0.214738D+00 -0.500663D+00
                36            37            38            39            40 
      1   0.214738D+00 -0.713426D+00 -0.134617D+00 -0.152887D+01 -0.844006D+00
      2  -0.500663D+00 -0.134617D+00 -0.797432D+00  0.356890D+00 -0.197948D+00
      3   0.171089D+01 -0.152887D+01  0.356890D+00 -0.971512D-01  0.652393D+00
                41            42            43            44            45 
      1  -0.197948D+00  0.652393D+00  0.579480D-01 -0.213926D+00  0.250932D+00
      2   0.422752D+00 -0.798628D-01 -0.213926D+00 -0.116152D+01  0.159151D+00
      3  -0.798628D-01  0.927608D+00  0.250932D+00  0.159151D+00 -0.200240D+01
                46            47            48            49            50 
      1  -0.253419D+00  0.709295D+00 -0.108132D+00  0.624866D-01  0.129691D+01
      2   0.709295D+00  0.571826D+00  0.111034D-02  0.129691D+01  0.819226D+00
      3  -0.108132D+00  0.111034D-02 -0.296183D+00 -0.112332D+00  0.664679D+00
                51            52            53            54            55 
      1  -0.112332D+00 -0.795268D-02  0.413222D+00 -0.184956D+00  0.362358D+01
      2   0.664679D+00  0.413222D+00  0.934491D+00  0.245699D+00  0.982045D-01
      3   0.489138D+00 -0.184956D+00  0.245699D+00  0.393757D+00  0.761837D-01
                56            57            58            59            60 
      1   0.982045D-01  0.761837D-01  0.635613D+00  0.136870D+01 -0.341845D+00
      2   0.214042D+01 -0.207968D+00  0.136870D+01  0.149482D+01  0.152173D+00
      3  -0.207968D+00  0.780988D+00 -0.341845D+00  0.152173D+00 -0.108045D+01
                61            62            63            64            65 
      1  -0.103432D+01 -0.616945D-01  0.179176D+01 -0.149455D+01 -0.508715D+00
      2  -0.616945D-01 -0.205047D-02 -0.285653D+00 -0.508715D+00 -0.173562D+00
      3   0.179176D+01 -0.285653D+00 -0.117004D+01 -0.123411D+00 -0.103385D+00
                66            67            68            69            70 
      1  -0.123411D+00 -0.151189D+01 -0.938005D-01 -0.410291D+00 -0.136124D+00
      2  -0.103385D+00 -0.938005D-01 -0.114502D+01 -0.249296D+00  0.111394D-01
      3  -0.423605D-01 -0.410291D+00 -0.249296D+00 -0.439182D+00 -0.237521D+00
                71            72            73            74            75 
      1   0.111394D-01 -0.237521D+00 -0.182836D+01  0.348073D+00 -0.133061D+00
      2  -0.533311D+00 -0.302183D+00  0.348073D+00  0.674725D+00 -0.197176D+00
      3  -0.302183D+00 -0.906836D+00 -0.133061D+00 -0.197176D+00 -0.334681D+00
                76            77            78            79            80 
      1   0.139222D+01 -0.541121D+00  0.404819D+00  0.659153D+00  0.532560D-01
      2  -0.541121D+00  0.126964D+01  0.140603D+00  0.532560D-01 -0.115389D+00
      3   0.404819D+00  0.140603D+00  0.583642D+00  0.172132D+00  0.965416D-01
                81            82            83            84            85 
      1   0.172132D+00 -0.600014D+00 -0.808207D+00  0.525931D+00 -0.761156D+00
      2   0.965416D-01 -0.808207D+00 -0.179161D+00  0.353455D-01  0.512624D+00
      3  -0.828752D+00  0.525931D+00  0.353455D-01  0.592814D+00  0.245617D-01
                86            87            88            89            90 
      1   0.512624D+00  0.245617D-01  0.125830D+01  0.177313D+00 -0.415385D+00
      2  -0.572413D+00  0.128201D+00  0.177313D+00  0.979783D+00 -0.269416D+00
      3   0.128201D+00 -0.234631D+00 -0.415385D+00 -0.269416D+00  0.206264D+01
 Property number 1 -- Alpha(-w,w) derivatives, frequency  2    0.085645:
                 1             2             3             4             5 
      1  -0.577671D+01  0.134307D+01 -0.111007D+01  0.115589D+01 -0.230508D+01
      2   0.134307D+01 -0.342586D+00  0.942103D+00 -0.230508D+01  0.404932D+01
      3  -0.111007D+01  0.942103D+00 -0.633606D+00  0.168501D+01  0.864919D+00
                 6             7             8             9            10 
      1   0.168501D+01 -0.121257D+01  0.164280D+01 -0.235306D+01  0.419350D+01
      2   0.864919D+00  0.164280D+01  0.569130D+00 -0.558727D-01  0.833420D+00
      3  -0.104149D+01 -0.235306D+01 -0.558727D-01 -0.289280D+01  0.236385D+01
                11            12            13            14            15 
      1   0.833420D+00  0.236385D+01  0.830651D+00 -0.986853D+00 -0.125981D+01
      2  -0.353728D+01 -0.147954D+01 -0.986853D+00 -0.407768D+01 -0.227527D+01
      3  -0.147954D+01  0.233853D+00 -0.125981D+01 -0.227527D+01  0.159963D+01
                16            17            18            19            20 
      1   0.962825D-01 -0.856196D+00  0.268165D+00  0.245729D+01 -0.971338D+00
      2  -0.856196D+00 -0.258074D+01  0.115781D+01 -0.971338D+00  0.144744D+01
      3   0.268165D+00  0.115781D+01  0.491055D+01 -0.459487D+00  0.407996D+00
                21            22            23            24            25 
      1  -0.459487D+00 -0.262633D+00  0.508146D+00 -0.424160D+00 -0.527142D+00
      2   0.407996D+00  0.508146D+00 -0.102110D+01  0.326038D+00 -0.307488D+00
      3   0.533616D-01 -0.424160D+00  0.326038D+00  0.451583D-01  0.486247D+00
                26            27            28            29            30 
      1  -0.307488D+00  0.486247D+00  0.421933D+00 -0.901548D+00  0.511850D+00
      2   0.173664D+00 -0.226936D+00 -0.901548D+00  0.192161D+00  0.238031D+00
      3  -0.226936D+00 -0.125836D+01  0.511850D+00  0.238031D+00 -0.257589D+00
                31            32            33            34            35 
      1  -0.679946D+00  0.422205D+00 -0.230190D+00  0.832098D+00 -0.864521D+00
      2   0.422205D+00 -0.124370D+01  0.318610D+00 -0.864521D+00  0.174125D+01
      3  -0.230190D+00  0.318610D+00 -0.835424D+00  0.215695D+00 -0.505675D+00
                36            37            38            39            40 
      1   0.215695D+00 -0.719263D+00 -0.136046D+00 -0.154530D+01 -0.855014D+00
      2  -0.505675D+00 -0.136046D+00 -0.806464D+00  0.364742D+00 -0.199560D+00
      3   0.173106D+01 -0.154530D+01  0.364742D+00 -0.991655D-01  0.663222D+00
                41            42            43            44            45 
      1  -0.199560D+00  0.663222D+00  0.598525D-01 -0.219131D+00  0.250049D+00
      2   0.424478D+00 -0.792704D-01 -0.219131D+00 -0.117724D+01  0.161031D+00
      3  -0.792704D-01  0.934510D+00  0.250049D+00  0.161031D+00 -0.203724D+01
                46            47            48            49            50 
      1  -0.269254D+00  0.713286D+00 -0.104300D+00  0.594533D-01  0.130388D+01
      2   0.713286D+00  0.569843D+00  0.737532D-02  0.130388D+01  0.817648D+00
      3  -0.104300D+00  0.737532D-02 -0.298292D+00 -0.105384D+00  0.671945D+00
                51            52            53            54            55 
      1  -0.105384D+00 -0.360958D-02  0.421769D+00 -0.190898D+00  0.365077D+01
      2   0.671945D+00  0.421769D+00  0.939385D+00  0.235038D+00  0.965159D-01
      3   0.476194D+00 -0.190898D+00  0.235038D+00  0.385340D+00  0.703499D-01
                56            57            58            59            60 
      1   0.965159D-01  0.703499D-01  0.648171D+00  0.137229D+01 -0.351179D+00
      2   0.215185D+01 -0.212404D+00  0.137229D+01  0.150661D+01  0.150874D+00
      3  -0.212404D+00  0.785716D+00 -0.351179D+00  0.150874D+00 -0.108992D+01
                61            62            63            64            65 
      1  -0.105399D+01 -0.616561D-01  0.180659D+01 -0.150791D+01 -0.512423D+00
      2  -0.616561D-01 -0.660868D-02 -0.287182D+00 -0.512423D+00 -0.174919D+00
      3   0.180659D+01 -0.287182D+00 -0.116750D+01 -0.122265D+00 -0.104088D+00
                66            67            68            69            70 
      1  -0.122265D+00 -0.153700D+01 -0.899540D-01 -0.416837D+00 -0.139010D+00
      2  -0.104088D+00 -0.899540D-01 -0.116125D+01 -0.251109D+00  0.110929D-01
      3  -0.452848D-01 -0.416837D+00 -0.251109D+00 -0.446740D+00 -0.239001D+00
                71            72            73            74            75 
      1   0.110929D-01 -0.239001D+00 -0.184683D+01  0.352826D+00 -0.133846D+00
      2  -0.541637D+00 -0.304007D+00  0.352826D+00  0.679246D+00 -0.199509D+00
      3  -0.304007D+00 -0.918816D+00 -0.133846D+00 -0.199509D+00 -0.339865D+00
                76            77            78            79            80 
      1   0.141560D+01 -0.548179D+00  0.411829D+00  0.670361D+00  0.543497D-01
      2  -0.548179D+00  0.128613D+01  0.144894D+00  0.543497D-01 -0.116853D+00
      3   0.411829D+00  0.144894D+00  0.597163D+00  0.176620D+00  0.959391D-01
                81            82            83            84            85 
      1   0.176620D+00 -0.603528D+00 -0.817757D+00  0.529220D+00 -0.775169D+00
      2   0.959391D-01 -0.817757D+00 -0.179302D+00  0.352980D-01  0.523097D+00
      3  -0.836997D+00  0.529220D+00  0.352980D-01  0.600872D+00  0.275005D-01
                86            87            88            89            90 
      1   0.523097D+00  0.275005D-01  0.127773D+01  0.178984D+00 -0.420405D+00
      2  -0.580463D+00  0.128373D+00  0.178984D+00  0.999652D+00 -0.270142D+00
      3   0.128373D+00 -0.239082D+00 -0.420405D+00 -0.270142D+00  0.208477D+01
 Property number 1 -- Alpha(-w,w) derivatives, frequency  3    0.091127:
                 1             2             3             4             5 
      1  -0.580177D+01  0.134840D+01 -0.112033D+01  0.116623D+01 -0.231288D+01
      2   0.134840D+01 -0.343678D+00  0.952158D+00 -0.231288D+01  0.406378D+01
      3  -0.112033D+01  0.952158D+00 -0.631870D+00  0.169330D+01  0.871076D+00
                 6             7             8             9            10 
      1   0.169330D+01 -0.123108D+01  0.165702D+01 -0.236374D+01  0.421659D+01
      2   0.871076D+00  0.165702D+01  0.573168D+00 -0.664584D-01  0.848641D+00
      3  -0.105147D+01 -0.236374D+01 -0.664584D-01 -0.290114D+01  0.238449D+01
                11            12            13            14            15 
      1   0.848641D+00  0.238449D+01  0.842999D+00 -0.992559D+00 -0.127032D+01
      2  -0.355533D+01 -0.150044D+01 -0.992559D+00 -0.408252D+01 -0.228977D+01
      3  -0.150044D+01  0.232428D+00 -0.127032D+01 -0.228977D+01  0.162745D+01
                16            17            18            19            20 
      1   0.100903D+00 -0.862884D+00  0.270324D+00  0.247599D+01 -0.981087D+00
      2  -0.862884D+00 -0.259635D+01  0.118272D+01 -0.981087D+00  0.146181D+01
      3   0.270324D+00  0.118272D+01  0.493876D+01 -0.463356D+00  0.411869D+00
                21            22            23            24            25 
      1  -0.463356D+00 -0.269541D+00  0.509490D+00 -0.424309D+00 -0.533787D+00
      2   0.411869D+00  0.509490D+00 -0.102579D+01  0.326729D+00 -0.309370D+00
      3   0.550344D-01 -0.424309D+00  0.326729D+00  0.460075D-01  0.490672D+00
                26            27            28            29            30 
      1  -0.309370D+00  0.490672D+00  0.424236D+00 -0.907442D+00  0.514489D+00
      2   0.173159D+00 -0.229410D+00 -0.907442D+00  0.194997D+00  0.240606D+00
      3  -0.229410D+00 -0.126614D+01  0.514489D+00  0.240606D+00 -0.259951D+00
                31            32            33            34            35 
      1  -0.684693D+00  0.424319D+00 -0.235490D+00  0.843468D+00 -0.874139D+00
      2   0.424319D+00 -0.125089D+01  0.320504D+00 -0.874139D+00  0.175683D+01
      3  -0.235490D+00  0.320504D+00 -0.845001D+00  0.216340D+00 -0.508898D+00
                36            37            38            39            40 
      1   0.216340D+00 -0.722911D+00 -0.136955D+00 -0.155567D+01 -0.861979D+00
      2  -0.508898D+00 -0.136955D+00 -0.812109D+00  0.369734D+00 -0.200576D+00
      3   0.174384D+01 -0.155567D+01  0.369734D+00 -0.100426D+00  0.670083D+00
                41            42            43            44            45 
      1  -0.200576D+00  0.670083D+00  0.610604D-01 -0.222439D+00  0.249419D+00
      2   0.425513D+00 -0.789613D-01 -0.222439D+00 -0.118706D+01  0.162208D+00
      3  -0.789613D-01  0.938799D+00  0.249419D+00  0.162208D+00 -0.205950D+01
                46            47            48            49            50 
      1  -0.279427D+00  0.715745D+00 -0.101710D+00  0.573890D-01  0.130817D+01
      2   0.715745D+00  0.568427D+00  0.115199D-01  0.130817D+01  0.816558D+00
      3  -0.101710D+00  0.115199D-01 -0.299564D+00 -0.100776D+00  0.676621D+00
                51            52            53            54            55 
      1  -0.100776D+00 -0.725519D-03  0.427302D+00 -0.194735D+00  0.366789D+01
      2   0.676621D+00  0.427302D+00  0.942367D+00  0.228099D+00  0.953971D-01
      3   0.467591D+00 -0.194735D+00  0.228099D+00  0.379763D+00  0.667051D-01
                56            57            58            59            60 
      1   0.953971D-01  0.667051D-01  0.656172D+00  0.137468D+01 -0.357084D+00
      2   0.215900D+01 -0.215203D+00  0.137468D+01  0.151381D+01  0.149951D+00
      3  -0.215203D+00  0.788585D+00 -0.357084D+00  0.149951D+00 -0.109567D+01
                61            62            63            64            65 
      1  -0.106632D+01 -0.615805D-01  0.181589D+01 -0.151632D+01 -0.514778D+00
      2  -0.615805D-01 -0.961962D-02 -0.288062D+00 -0.514778D+00 -0.175765D+00
      3   0.181589D+01 -0.288062D+00 -0.116575D+01 -0.121549D+00 -0.104539D+00
                66            67            68            69            70 
      1  -0.121549D+00 -0.155287D+01 -0.875791D-01 -0.420980D+00 -0.140846D+00
      2  -0.104539D+00 -0.875791D-01 -0.117148D+01 -0.252257D+00  0.110461D-01
      3  -0.471146D-01 -0.420980D+00 -0.252257D+00 -0.451475D+00 -0.239958D+00
                71            72            73            74            75 
      1   0.110461D-01 -0.239958D+00 -0.185850D+01  0.355866D+00 -0.134338D+00
      2  -0.546867D+00 -0.305165D+00  0.355866D+00  0.682041D+00 -0.200970D+00
      3  -0.305165D+00 -0.926366D+00 -0.134338D+00 -0.200970D+00 -0.343099D+00
                76            77            78            79            80 
      1   0.143033D+01 -0.552718D+00  0.416203D+00  0.677410D+00  0.550290D-01
      2  -0.552718D+00  0.129655D+01  0.147606D+00  0.550290D-01 -0.117777D+00
      3   0.416203D+00  0.147606D+00  0.605666D+00  0.179394D+00  0.955666D-01
                81            82            83            84            85 
      1   0.179394D+00 -0.605780D+00 -0.823785D+00  0.531269D+00 -0.784037D+00
      2   0.955666D-01 -0.823785D+00 -0.179392D+00  0.352685D-01  0.529647D+00
